-0.03567
-2.01744
-0.24949
-3.04445
4.28717
-7.45035
8.87611
-2.22377
5.59535
-4.26501
6.49351
-4.60761
8.68068
-1.02812
7.2134
-3.7096
-0.02872
0.52511
0.67142
1.78461
-0.28172
0.09862
1.05846
-1.12977
2.46676
0.27801
-0.70234
-1.20627
1.3221
0.53835
-0.80163
-0.75926
-1.44285
0.14958
1.03253
0.92407
0.844
-0.90438
-0.42592
1.07335
0.46712
0.73345
0.65497
0.18493
-0.36251
1.09345
-1.32661
-1.1557
-0.59465
2.11829
3.09269
-8.55207
3.85615
-7.07641
5.14891
-5.73733
7.63937
-5.75967
5.35904
-3.39052
8.2115
-3.8217
-0.56497
-0.18219
1.39855
0.15542
2.98285
0.85645
0.67222
1.54211
2.13676
1.04949
0.16099
-0.02365
0.6237
-0.08343
1.72971
1.24331
1.13954
0.90376
-0.63862
-0.89839
0.41164
0.446
0.75548
1.42077
0.39918
-0.99567
0.44713
0.97691
0.5742
0.95364
-0.898
-0.002
1.735
-0.082
0.55
1.342
1.884
1.539
0.112
0.617
